Corolla_Betankungen_raw
B.R.Dutkiewicz (https://github.com/bartdutkiewicz/Tankstatistik)
Toyota Corolla Bj.1998 Benzin 920kg 81kw 6000U/min 195kmhmax 1587cm3 40L-Tank
UT164AEB103030101
Rohdaten
Tag	Monat	Jahr	Stunde	Minute	l	€/l	€	km	km_gesamt	Anmerkung
NA	NA	2014	NA	NA	40,00	NA	60,00	440,2	NA
15	07	2014	NA	NA	38,59	1,569	60,55	503,2	NA
22	08	2014	NA	NA	37,23	1,559	58,04	478,5	NA
12	10	2014	NA	NA	38,38	1,489	57,15	358,7	NA
07	11	2014	NA	NA	33,29	1,439	47,90	450,9	NA
08	12	2014	NA	NA	40,12	1,389	55,73	451,5	NA
22	01	2015	NA	NA	38,00	1,290	49,02	454,5	NA
06	03	2015	NA	NA	40,24	1,419	57,10	513,1	NA
08	03	2015	16	28	38,90	1,419	55,20	293,2	NA
11	03	2015	16	46	37,09	1,449	37,09	329,0	NA
18	04	2015	NA	NA	25,42	1,439	36,58	463,4	NA
25	04	2015	13	42	37,23	1,419	52,83	493,4	NA
17	05	2015	NA	NA	10,00	1,439	14,29	125,0	NA
26	05	2015	NA	NA	37,47	1,449	54,30	470,8	NA
24	06	2015	NA	NA	40,00	1,439	57,56	444,8	NA
23	07	2015	NA	NA	38,17	1,439	57,22	454,0	NA
21	08	2015	NA	NA	10,01	1,424	14,25	79,9	NA
22	08	2015	NA	NA	31,30	1,338	41,89	432,8	NA
09	09	2015	19	09	37,72	1,339	50,51	474,7	NA
05	10	2015	NA	NA	40,03	1,279	51,20	495,9	NA
26	10	2015	14	25	40,56	1,279	51,88	356,5	NA
29	11	2015	11	16	35,61	1,319	46,97	425,0	NA
25	12	2015	13	08	36,18	1,279	46,27	451,3	NA
18	01	2016	23	33	41,05	1,299	53,32	302,9	NA	+9km
27	02	2016	11	07	31,23	1,219	38,07	378,6	NA
06	03	2016	21	00	29,65	1,159	34,36	462,4	NA
02	04	2016	12	08	40,47	1,279	51,76	400,5	NA	+km
16	04	2016	16	05	29,99	1,229	36,86	877,2	NA	plausibel?(01/2022)
22	04	2016	19	05	37,98	1,229	46,68	458,0	NA	-0,38€
11	05	2016	11	06	36,97	1,269	46,91	215,7	NA	-0.37€
25	05	2016	22	16	16,12	1,279	20,62	487,5	NA
03	06	2016	15	28	39,21	1,329	52,11	447,7	NA
24	06	2016	16	33	36,64	1,309	47,96	490,4	NA
10	07	2016	16	08	40,68	1,309	53,25	450,0	NA	geschätzt_km
13	08	2016	23	58	33,74	1,329	44,84	518,6	NA
01	09	2016	16	30	39,49	1,269	49,72	539,05	NA	21s-0,39€
14	09	2016	17	34	38,11	1,289	49,12	432,2	NA
19	10	2016	17	28	38,91	1,309	50,93	522,4	NA
08	11	2016	16	36	39,10	1,289	50,40	398,55	NA
12	12	2016	22	30	15,00	1,509	22,64	124,0	NA
25	12	2016	12	42	35,26	1,419	50,03	422,6	NA
27	01	2017	17	46	38,04	1,339	50,56	440,1	NA	-0,38€
23	03	2017	12	57	39,24	1,339	52,54	443,5	NA	+1km
23	04	2017	15	50	18,13	1,379	25,00	216,0	NA
18	05	2017	20	35	38,53	1,319	50,82	466,4	NA
24	06	2017	17	05	39,13	1,279	50,05	435,85	NA
25	07	2017	18	19	38,86	1,309	50,87	360,0	NA
19	08	2017	19	19	30,72	1,279	39,29	399,5	NA
08	09	2017	15	18	31,67	1,379	43,67	500,9	NA	-0,32€
23	09	2017	15	19	15,02	1,329	19,96	207,35	NA	-0,15€
05	10	2017	19	32	39,74	1,289	51,22	386,65	NA
09	12	2017	12	30	38,83	1,299	50,44	469,15	NA	-0,38€
11	01	2018	20	04	37,18	1,149	51,11	383,0	NA
08	03	2018	21	30	39,45	1,159	49,67	511,1	NA
13	04	2018	17	02	37,18	1,339	49,78	559,0	NA
29	04	2018	13	36	17,02	1,469	25,00	203,09	NA
08	05	2018	21	11	37,53	1,379	51,75	406,6	NA
09	06	2018	13	05	30,90	1,519	46,94	NA	NA
16	06	2018	18	39	25,18	1,479	37,24	NA	NA
04	07	2018	23	13	15,00	1,439	21,59	NA	NA
16	07	2018	21	59	15,00	1,469	22,04	NA	NA
28	07	2018	18	00	26,54	1,459	38,72	NA	NA
16	08	2018	20	41	28,49	1,439	41,00	NA	NA
23	09	2018	15	35	25,36	1,509	38,27	NA	NA
16	10	2018	20	19	15,23	1,499	22,83	NA	NA
27	10	2018	15	32	10,00	1,589	15,89	NA	NA
22	12	2018	17	20	35,00	1,439	50,37	431,65	NA
01	02	2019	20	31	37,67	1,269	47,80	360,625	NA
14	04	2019	15	12	34,86	1,479	51,56	358,35	NA
04	05	2019	20	57	28,73	1,499	43,07	433,825	NA	-0,29€
20	05	2019	12	23	32,79	1,529	50,14	389,625	NA
14	08	2019	21	01	37,71	1,399	52,76	437,15	NA
07	09	2019	16	54	36,95	1,429	52,80	437,6	NA
12	10	2019	12	53	36,87	1,409	51,95	370,4	NA
22	11	2019	15	16	37,64	1,369	51,53	402,1	NA
02	01	2020	20	48	37,51	1,439	53,98	285,1	137912	-0,37€
07	02	2020	14	37	30,73	1,399	42,99	386,15	138298
29	03	2020	17	08	35,01	1,229	43,03	461,2	138759
30	05	2020	12	06	36,83	1,139	41,95	461,4	139221
23	06	2020	08	35	36,27	1,329	48,20	406,8	139628
10	08	2020	21	02	38,16	1,259	47,66	456,3	140084	-0,38€
30	10	2020	16	41	40,17	1,299	51,78	449,0	140533	-0,40€
31	12	2020	10	57	42,02	1,359	57,11	469,0	141002
03	04	2021	14	35	37,79	1,529	57,78	490,9	141493
08	07	2021	15	26	40,52	1,649	66,82	414,6	141908	-0,40€
03	09	2021	11	27	32,10	1,599	51,33	566,0	142474
20	09	2021	21	38	39,16	1,609	63,01	502,35	142976
12	11	2021	22	24	38,50	1,699	65,41	490,35	143466
18	02	2022	12	05	39,28	1,769	69,10	502,6	143968	-0,39€
04	05	2022	19	02	39,33	1,989	77,84	503,65	144472	-0,39€
10	07	2022	14	54	39,19	1,829	71,68	529,95	145002
11	11	2022	19	51	39,22	1,879	73,69	456,75	145459	-0,39€
11	02	2023	18	09	38,79	1,749	67,84	466,9	145926
08	05	2023	16	16	38,64	1,829	70,67	513,0	146439
14	07	2023	12	30	40,80	1,919	78,30	498,3	146937
07	09	2023	14	41	38,17	1,979	75,54	514,78	147452
13	10	2023	15	45	39,28	1,889	74,20	442,3	147894
17	12	2023	21	12	38,89	1,699	66,07	469,0	148363
03	03	2024	16	34	40,02	1,879	75,20	467,55	148831
17	06	2024	20	02	38,74	1,799	69,69	525,1	149356
20	07	2024	09	47	41,11	1,899	78,07	554,55	149910
27	08	2024	17	09	39,01	1,719	67,06	456,00	150366
02	12	2024	10	13	37,77	1,719	64,93	474,2	150840
31	12	2024	18	53	41,32	1,749	72,27	495,4	151336
13	03	2025	07	15	38,42	1,839	70,65	411,65	151747
21	07	2025	15	18	38,44	1,709	65,69	287,2	152034
23	09	2025	16	43	22,56	1,689	38,10	319,0	152353
02	11	2025	17	38	24,39	1,679	40,95	453,2	152807
09	11	2025	20	53	37,53	1,719	64,51	415,1	153222
17	11	2025	07	05	35,02	1,819	63,70	421,15	153643
23	11	2025	21	47	34,38	1,669	57,38	342,7	153986
07	12	2025	18	49	27,62	1,689	46,65	NA	NA